u,v,length
68145665,68155527,134.654
68145665,462857016,143.061
68147058,69555000,291.426
68147058,2511829141,18.206
68147083,2511829139,217.706
68147084,1400950462,28.574
68147084,5649592816,6.028
68147084,68147083,24.863999999999997
68147089,2511829126,209.912
68147089,2511829139,38.156
68148015,68148029,398.412
68148015,68155945,812.878
68148029,68286902,41.82899999999999
68148029,1579075363,110.89199999999998
68148035,1579075363,50.138
68148035,1579075439,51.446999999999996
68148035,5430683905,199.96499999999997
68148054,68156351,634.338
68151642,1917048970,380.445
68155527,68145665,134.654
68155527,68180823,93.164
68155945,68155950,252.171
68155950,5232596988,69.205
68156267,68378800,387.04599999999994
68156351,1087286754,338.279
68156351,316541311,443.529
68158522,68439240,48.534
68158522,68158524,51.88
68158522,68441620,89.98400000000001
68158524,68439240,15.624
68158524,68158522,51.88
68158524,68207150,407.35299999999995
68158524,68208843,178.755
68161961,384328007,185.487
68161961,68176132,48.122
68161961,68176127,104.583
68162910,68162923,32.659
68162910,68162923,43.316
68162910,6702559857,63.516
68162923,68162933,37.986
68162923,68162910,32.659
68162923,68162910,43.316
68162933,68317213,47.7
68162933,68162944,69.271
68162933,68162923,37.986
68162944,68162933,69.271
68162944,68332339,31.384
68162944,68313596,410.872
68163805,68196259,60.414
68164022,68279760,87.053
68164022,384327230,229.048
68164022,68214812,95.129
68166293,68166295,304.487
68166293,68245630,93.285
68166293,68294097,100.089
68166293,68237149,225.401
68166295,68166293,304.487
68166295,68323438,106.214
68166295,68166297,77.53999999999999
68166297,68166295,77.53999999999999
68166297,68418076,113.76599999999999
68166297,68188924,254.575
68167543,68210513,218.96400000000003
68167543,68210498,94.977
68168815,68168817,112.027
68168815,68250906,223.956
68168815,68196571,204.373
68168817,68168819,101.676
68168817,68168815,112.027
68168817,68374070,205.16400000000002
68168819,68168817,101.676
68168819,68334374,189.811
68168819,68196574,192.821
68168819,68168822,137.402
68168822,68168825,215.498
68168822,68168819,137.402
68168822,68280717,157.676
68168822,68196575,184.231
68168825,68325905,62.079
68168825,68168829,225.18
68168825,68168822,215.498
68168825,68325907,121.428
68168829,68168825,225.18
68168829,68311171,104.859
68168829,68196588,160.815
68168838,68196528,54.406
68169625,68203937,57.455
68169625,68169653,308.451
68169625,8408792065,227.911
68169653,68169625,308.451
68169653,8408792078,75.53099999999999
68169653,68261077,174.272
68169769,68169771,83.212
68169769,68207747,77.727
68169769,68294585,279.572
68169771,68169769,83.212
68169771,68242955,140.996
68169771,68254228,404.78000000000003
68170295,68170310,132.079
68170310,68298555,51.024
68170310,68170295,132.079
68170310,1594148685,175.35199999999998
68173966,68173968,120.937
68173966,68314144,108.285
68173966,68314143,241.454
68173968,68173972,117.09
68173968,68173966,120.937
68173968,68383193,101.082
68173968,68449756,130.132
68173972,68173968,117.09
68173972,68296085,241.481
68173972,68296083,100.3
68175279,68175284,57.695
68175284,68175279,57.695
68175284,68385112,306.26099999999997
68175452,68369689,147.353
68175452,68175462,170.673
68175452,69187013,99.231
68175462,68175468,99.512
68175462,68190686,102.411
68175462,68175452,170.673
68175468,68175474,77.0
68175468,68175462,99.512
68175468,68188918,315.451
68175474,68175468,77.0
68175474,68188920,293.04
68175474,68175478,96.74199999999999
68175478,68245562,107.249
68175478,68245559,105.462
68175478,68175481,123.11500000000001
68175478,68175474,96.74199999999999
68175481,68317394,106.925
68175481,68175478,123.11500000000001
68175481,68317395,91.37100000000001
68176123,68176125,99.572
68176125,68176127,253.403
68176125,68176123,99.572
68176125,68294156,143.256
68176127,68176125,253.403
68176127,384328005,204.199
68176127,68271800,133.061
68176127,68161961,104.583
68176132,68161961,48.122
68177487,68390029,562.27
68178034,68178036,163.143
68178034,68196627,116.864
68178034,68196619,140.78799999999998
68178036,68178037,97.774
68178036,68295227,88.683
68178036,68178034,163.143
68178037,68178036,97.774
68178037,68304705,138.228
68178037,68178046,82.712
68178046,68178037,82.712
68178806,68178828,194.739
68178806,69616279,479.03600000000006
68178806,7787778511,149.966
68178828,68178830,14.372
68178828,68178806,194.73900000000003
68178828,68212427,108.46800000000002
68178830,68178828,14.372
68178830,68178861,536.1910000000001
68178830,68280751,189.57400000000004
68178861,68178863,15.356
68178861,68178830,536.191
68178863,68178861,15.356000000000002
68178863,68313582,137.237
68178863,68237646,103.0
68178863,68313596,109.549
68178915,68275263,113.505
68179220,68179222,304.11600000000004
68179220,68213877,66.972
68179220,68253267,116.281
68179222,68179220,304.11600000000004
68179222,68433838,109.43
68179222,384328105,99.249
68180209,68277063,66.459
68180209,68180211,157.811
68180209,68294130,70.925
68180211,68180209,157.811
68180213,654423560,14.752
68180213,68365194,110.702
68180215,462897450,51.348
68180215,654423560,216.68699999999998
68180215,68334951,390.96599999999995
68180752,68180754,82.03399999999999
68180752,68211383,85.955
68180752,68234435,279.61899999999997
68180754,68180759,164.69
68180754,68180752,82.03399999999999
68180754,68322203,486.486
68180759,68180776,193.081
68180759,68180754,164.69
68180759,68234435,194.98900000000003
68180776,68228562,244.323
68180776,68180784,76.577
68180776,68180759,193.081
68180784,68180790,43.962
68180784,68180776,76.577
68180784,1594148685,30.704
68180790,68180804,111.33
68180790,68180784,43.962
68180790,68210498,58.382999999999996
68180790,1594148685,52.8
68180790,68228564,279.94899999999996
68180804,68210498,90.783
68180804,68180808,128.333
68180804,68180790,111.33
68180808,68180812,160.853
68180808,68180804,128.333
68180808,1594148690,52.905
68180812,68180808,160.853
68180812,462857016,154.375
68180812,68428949,503.44300000000004
68180812,68210513,127.584
68180823,462847564,261.517
68180823,68155527,93.164
68182175,68282043,178.284
68182175,68282039,125.953
68182175,68319813,306.99800000000005
68182175,7229854943,115.152
68184832,68184835,84.80000000000001
68184835,68184832,84.80000000000001
68184835,68280723,53.345
68184835,68280721,85.887
68185285,68185289,224.80200000000002
68185285,68244570,142.653
68185285,68207711,126.15200000000002
68185285,68191152,138.254
68185289,68185285,224.80200000000002
68185289,68207711,353.545
68185289,68391785,54.897
68186082,68186087,51.253
68186082,69499959,110.896
68186082,68315374,189.01
68186082,68451487,121.98100000000001
68186087,68186082,51.253
68186091,5697439033,30.828
68186091,68307835,127.434
68186091,68307832,189.845
68188826,68188828,79.991
68188826,68279766,56.327
68188826,68279762,129.353
68188828,68188826,79.991
68188849,5423894310,47.581
68188854,5423894310,261.411
68188854,68390036,55.882000000000005
68188854,68245644,142.47400000000002
68188910,68188933,15.014
68188910,68369691,84.453
68188910,68188915,162.32
68188910,69209935,100.645
68188915,68190690,123.695
68188915,68188937,14.412
68188915,68188918,96.016
68188915,68188910,162.32
68188918,68175468,315.451
68188918,68188920,78.847
68188918,68188915,96.016
68188918,68219859,136.37
68188920,68261365,75.463
68188920,68175474,293.04
68188920,68188918,78.847
68188920,68188924,221.87400000000002
68188924,68294023,89.67
68188924,68245575,47.539
68188924,68166297,254.575
68188924,68188920,221.87400000000002
68188933,68188935,64.304
68188933,68188910,15.014
68188933,68297408,94.756
68188933,315576032,102.50999999999999
68188935,68188937,96.8
68188935,68188933,64.304
68188935,68297410,73.686
68188937,68188935,96.8
68188937,68188915,14.412
68188937,68190687,85.956
68188946,384328105,303.13
68188946,68213877,37.086
68190251,68190255,374.866
68190251,68352693,144.969
68190251,68294677,85.797
68190255,68190251,374.866
68190686,68190687,158.719
68190686,68175462,102.411
68190686,68368967,95.851
68190687,68188937,85.956
68190687,68190686,158.719
68190687,68297414,93.908
68190690,68188915,123.695
68190690,68205591,57.861000000000004
68190690,68369691,157.0
68191127,68191129,56.637
68191127,68361029,294.726
68191127,68294146,115.543
68191127,68207150,138.915
68191129,68191131,93.081
68191129,68191127,56.637
68191131,68191129,93.081
68191131,68199859,137.385
68191152,68391785,243.92900000000003
68191152,68418081,449.766
68191152,68185285,138.254
68191152,68294102,271.219
68191152,68244570,303.707
68191975,315963825,112.13299999999998
68191975,69215607,67.275
68191975,69528754,327.387
68191991,5416143666,42.102
68191991,315963825,120.30600000000001
68191993,5416143666,60.328
68191993,68192000,248.453
68191993,68225133,68.775
68192000,68191993,248.453
68192000,68225154,283.338
68193148,4270432360,137.662
68193148,68196188,136.063
68194501,68194513,180.363
68194501,68249599,106.881
68194501,68219859,101.339
68194513,68194501,180.363
68194521,68194522,76.86
68194522,68194525,93.982
68194522,68194521,76.86
68194522,68249616,103.706
68194522,68212041,327.003
68194525,68194522,93.982
68194525,68194530,103.864
68194525,68208682,341.2900000000001
68194530,68194532,194.40599999999998
68194530,68194525,103.864
68194530,68215811,135.51
68194530,68199968,140.722
68194532,68194535,87.634
68194532,68194530,194.40599999999998
68194532,68199968,201.127
68194535,68194532,87.634
68194535,68196085,93.62200000000001
68194535,6305792940,106.801
68196078,68282969,120.89299999999999
68196078,68196080,104.935
68196078,69499940,113.317
68196080,68282971,122.104
68196080,68196082,100.096
68196080,68196078,104.935
68196082,5430678777,7.196
68196082,68196080,100.096
68196082,68282973,123.00999999999999
68196085,5430678783,33.14
68196085,5430678777,32.587
68196085,68211351,82.04
68196085,68194535,93.622
68196087,68196090,142.451
68196087,6305792940,29.673
68196087,68215811,270.127
68196090,68196092,126.636
68196090,68196087,142.451
68196090,68215819,259.4
68196092,68196094,56.085
68196092,68196090,126.636
68196092,68215831,248.797
68196094,68196096,94.575
68196094,68196092,56.085
68196094,68277959,118.987
68196096,68196097,79.856
68196096,68196094,94.575
68196096,68215841,249.124
68196097,68196099,29.73
68196097,68196096,79.856
68196097,68275406,118.358
68196099,68196097,29.73
68196099,68196100,99.887
68196099,68275401,183.915
68196100,68196101,97.012
68196100,68196099,99.887
68196100,68293949,556.378
68196101,68196102,149.985
68196101,68196100,97.012
68196101,68277961,118.385
68196101,68286902,418.89599999999996
68196102,68196103,119.087
68196102,68196101,149.985
68196102,68392069,373.951
68196103,68196102,119.087
68196103,462867004,171.59099999999998
68196103,68207743,117.684
68196103,68207715,833.4449999999999
68196118,68196123,75.541
68196123,68196118,75.541
68196141,68196149,402.17799999999994
68196141,7772399304,178.751
68196149,68196164,256.019
68196149,5604330225,74.942
68196149,68196141,402.178
68196164,68196178,133.103
68196164,68196149,256.019
68196178,68280241,581.225
68196178,68196188,149.856
68196178,68196164,133.103
68196188,68193148,136.063
68196188,68196178,149.856
68196224,68196227,91.328
68196224,4270432360,432.304
68196227,384327547,150.519
68196227,68196224,91.328
68196240,384327619,54.957
68196240,4270432374,607.3409999999999
68196240,384327547,219.63299999999998
68196245,384327618,36.376
68196245,384327619,107.218
68196259,68163805,60.414
68196259,68358875,132.446
68196259,384327618,212.381
68196327,68196330,105.947
68196330,68196327,105.947
68196330,68278229,50.568
68196330,68249586,85.079
68196477,68196485,397.22
68196485,68196487,65.091
68196485,68196477,397.22
68196485,68213176,787.605
68196487,68196485,65.091
68196487,68196519,78.894
68196487,497400416,608.9050000000001
68196519,68196487,78.894
68196519,68196612,171.764
68196519,68196606,116.953
68196528,68196531,107.406
68196528,68295225,134.153
68196528,68168838,54.406
68196531,68196534,73.507
68196531,68196528,107.406
68196531,68304705,133.612
68196534,68196535,27.817
68196534,68196531,73.507
68196534,68394104,191.263
68196535,68196537,93.858
68196535,68196534,27.817
68196535,68304708,158.773
68196537,68196535,93.858
68196537,68374077,57.698
68196537,68345663,44.925999999999995
68196556,69133293,19.928
68196556,5649592816,21.656
68196556,2511829122,32.149
68196558,1400950462,39.895
68196558,68374063,495.682
68196558,68196565,120.661
68196565,68374066,459.276
68196565,68196558,120.66100000000002
68196565,68196571,130.8
68196571,68168815,204.373
68196571,68196565,130.8
68196571,68196574,213.785
68196574,68168819,192.821
68196574,68196571,213.785
68196574,68196575,140.363
68196575,68196574,140.363
68196575,68168822,184.231
68196575,68387279,148.956
68196575,68196588,442.49899999999997
68196588,68168829,160.815
68196588,68196599,180.286
68196588,68196575,442.499
68196599,68248429,259.526
68196599,68196601,100.083
68196599,68196588,180.286
68196601,68374072,274.289
68196601,68196603,106.922
68196601,68196599,100.083
68196603,68196606,75.635
68196603,68332311,305.37
68196603,68196601,106.922
68196606,68196603,75.635
68196606,68394104,208.668
68196606,68196519,116.953
68196612,68295225,127.37100000000001
68196612,68196619,109.836
68196612,68196519,171.764
68196619,68295227,148.582
68196619,68178034,140.788
68196619,68196612,109.836
68196627,8197464035,68.235
68196627,68196633,128.643
68196627,68178034,116.864
68196633,8197464053,103.966
68196633,68196643,169.58899999999997
68196633,68196627,128.643
68196643,68236827,178.56199999999998
68196643,68196633,169.589
68196643,68196645,121.01400000000001
68196645,68236827,266.582
68196645,68196647,192.58300000000003
68196645,68196643,121.01400000000001
68196647,68296086,54.683
68196647,68257027,109.384
68196647,68196649,201.006
68196647,68196645,192.583
68196649,68257037,107.462
68196649,68196653,116.68299999999999
68196649,68196647,201.006
68196653,384327636,117.234
68196653,68367940,420.859
68196653,68196649,116.68299999999999
68198187,68198195,128.32
68198187,69225697,172.761
68198187,68265032,106.057
68198195,68212384,30.738
68198195,68198187,128.32
68198195,68212379,124.394
68199219,68199224,102.551
68199219,68199230,62.236
68199224,68224300,38.978
68199224,68199219,102.551
68199224,68199230,89.698
68199230,68199219,62.236
68199230,68299171,106.783
68199230,68199224,89.698
68199405,68199408,147.536
68199405,6191574890,384.80899999999997
68199405,68275263,140.182
68199405,68294143,140.783
68199408,68199405,147.536
68199408,68199856,143.11700000000002
68199494,68203753,36.299
68199494,68412643,140.402
68199494,68449640,468.917
68199562,68199586,116.388
68199562,68313596,48.308
68199564,68199562,76.47900000000001
68199574,68199564,50.43
68199574,7850071556,57.504999999999995
68199579,68199574,26.512999999999998
68199582,68199579,8.638
68199582,8481826308,13.029
68199586,68199562,116.388
68199586,68199582,17.197000000000003
68199586,68199600,64.486
68199600,68199609,228.783
68199600,68313606,246.24900000000002
68199600,68199586,64.486
68199609,68199600,228.783
68199856,68199859,139.71
68199856,68199408,143.11700000000002
68199856,68275263,148.487
68199859,68199856,139.71
68199859,68207150,150.447
68199859,68191131,137.385
68199968,68194532,201.127
68199968,68194530,140.722
68199968,68211342,135.85899999999998
68200604,68248429,78.112
68200604,3602981591,118.858
68200604,68374072,21.816
68200608,68200611,169.581
68200608,3602981591,172.7
68200608,68317902,105.016
68200608,68200613,786.2819999999999
68200611,68200612,169.017
68200611,68200608,169.581
68200611,68332314,105.505
68200612,68200613,126.095
68200612,68200611,169.017
68200612,68332317,104.37
68200613,68200612,126.095
68200613,68221067,104.747
68200613,68200608,786.282
68203753,68203756,127.46
68203753,68203803,31.2
68203753,68199494,36.299
68203756,68203757,127.787
68203756,68203753,127.46
68203756,68207715,184.917
68203756,68207713,275.377
68203757,68203756,127.787
68203757,68212999,275.57
68203757,68213001,183.367
68203763,68203777,94.101
68203763,5430683899,175.35899999999998
68203763,5424221339,76.885
68203777,68203763,94.101
68203803,68203753,31.2
68203803,68361603,153.759
68203803,5925771078,39.357
68203815,68224769,37.925
68203815,5745898518,74.791
68203815,384327224,189.69
68203920,68238650,36.266
68203920,8408792060,217.809
68203920,69656282,96.431
68203937,68169625,57.455
68204046,68219059,119.09
68204046,68204048,104.11099999999999
68204048,68204058,216.4
68204048,68204046,104.11099999999999
68204058,68358081,155.756
68204058,68204066,190.357
68204058,68204048,216.4
68204066,68204058,190.35699999999997
68204066,68446935,187.37800000000001
68204066,68204071,135.738
68204071,1140293211,126.678
68204071,1280114455,135.04
68204071,68204066,135.738
68204752,68294136,113.622
68204752,6958018021,28.23
68204752,68204754,112.599
68204752,6958018023,28.444
68204752,68215876,197.296
68204754,68204759,90.28
68204754,68204752,112.599
68204754,68334951,279.182
68204759,68204754,90.28
68204759,68258246,268.403
68204759,68204761,104.994
68204761,68248718,34.769
68204761,68204759,104.994
68204761,68337609,268.543
68205591,68219859,36.359
68205591,68205616,267.091
68205591,68190690,57.861000000000004
68205616,68205591,267.09100000000007
68206041,68206043,232.012
68206041,68215875,118.54
68206041,68294132,16.689
68206043,68206045,226.128
68206043,68206041,232.012
68206043,68270281,118.926
68206043,68270278,116.325
68206045,68206043,226.128
68206045,68269288,70.264
68206045,68269284,123.62
68207150,68199859,150.447
68207150,68191127,138.915
68207150,68275263,138.0
68207150,68158524,407.353
68207711,68207713,201.57
68207711,68185289,353.545
68207711,68212995,131.071
68207711,68185285,126.15200000000002
68207713,68203756,275.377
68207713,68244563,131.247
68207713,68207711,201.57
68207713,68212999,126.116
68207715,68203756,184.917
68207715,68213001,129.349
68207715,68196103,833.4449999999999
68207715,5430683900,107.204
68207743,68277961,269.07
68207743,68207747,106.433
68207743,68196103,117.684
68207747,68361654,271.924
68207747,68169769,77.727
68207747,68207743,106.433
68208682,68194525,341.29
68208682,68211342,98.30799999999999
68208682,5941246177,75.621
68208825,8316420994,59.45
68208825,6191573280,81.98599999999999
68208825,6958018021,278.539
68208825,68294143,249.748
68208843,68275254,85.801
68208843,68158524,178.75500000000002
68208843,6191573280,194.213
68210498,68180804,90.783
68210498,68254232,142.83
68210498,68167543,94.977
68210498,68180790,58.382999999999996
68210513,68167543,218.96400000000003
68210513,68180812,127.58399999999999
68210706,68238358,125.764
68210706,68210723,296.35100000000006
68210706,68238344,130.663
68210723,68211356,105.224
68210723,68210706,296.351
68210723,68305065,168.339
68210723,68211372,277.69100000000003
68210929,68334048,142.753
68210929,68294161,204.016
68210929,68271800,223.263
68210929,68210934,238.752
68210934,68210929,238.752
68210934,68216759,149.27399999999997
68210934,384328007,168.608
68211318,68211331,66.37
68211318,68280263,198.854
68211318,68211320,66.25299999999999
68211320,68211322,101.588
68211320,68430082,201.137
68211320,68211318,66.253
68211322,68211320,101.588
68211322,68365997,199.487
68211322,1280114320,106.12899999999999
68211322,68280265,160.00400000000002
68211329,68211331,66.971
68211331,68211329,66.971
68211331,68211318,66.37
68211331,68361975,131.411
68211342,68199968,135.859
68211342,69499932,197.483
68211342,5430678783,224.894
68211342,68208682,98.30799999999999
68211351,68238333,64.827
68211351,68211352,92.72
68211351,68196085,82.03999999999999
68211352,6305792941,72.661
68211352,68211354,149.115
68211352,68211351,92.72
68211354,68373119,136.69
68211354,68211355,24.785
68211354,68211352,149.115
68211355,68211356,111.912
68211355,68211354,24.785
68211355,68238338,199.637
68211356,68210723,105.224
68211356,68211355,111.912
68211356,68293928,265.77
68211372,68298411,300.739
68211372,68211373,35.709
68211372,68210723,277.691
68211373,68310484,151.633
68211373,68211374,86.201
68211373,68211372,35.709
68211374,68211380,92.192
68211374,68211373,86.201
68211374,68293939,248.75599999999997
68211380,68211382,80.812
68211380,68211374,92.192
68211380,68275388,221.832
68211382,68211383,122.926
68211382,68211380,80.812
68211383,68211382,122.926
68211383,68180752,85.955
68212032,68212041,86.85
68212041,68212032,86.85
68212041,68194522,327.003
68212041,5941246174,51.197
68212379,68198195,124.394
68212379,69253116,279.41700000000003
68212379,68307735,249.06100000000004
68212384,68212386,62.386
68212384,68198195,30.738
68212384,68250927,348.534
68212386,68212389,43.867
68212386,68212384,62.386
68212386,68250916,77.30000000000001
68212389,68212386,43.867
68212389,68374068,393.677
68212389,68212391,66.066
68212391,68212393,24.939
68212391,68212389,66.066
68212391,68280726,221.291
68212393,68212391,24.939
68212393,68212416,292.537
68212393,68339759,157.822
68212416,68214207,74.494
68212416,68212427,99.252
68212416,68212393,292.53700000000003
68212416,69256337,611.0609999999999
68212427,68212416,99.25200000000001
68212427,68178828,108.468
68212427,68214207,73.096
68212995,68213178,107.874
68212995,68212999,202.536
68212995,68213176,336.69100000000003
68212995,68207711,131.071
68212999,68203757,275.57
68212999,68212995,202.536
68212999,68207713,126.116
68213001,68207715,129.349
68213001,68203757,183.36700000000002
68213001,68446916,170.858
68213176,68213178,153.661
68213176,68196485,787.605
68213176,68212995,336.69100000000003
68213178,68212995,107.874
68213178,68213176,153.661
68213178,68445495,308.07099999999997
68213178,68294108,69.035
68213748,68213751,170.42
68213748,68228068,149.807
68213748,68310952,112.865
68213751,68213748,170.42
68213751,68387279,448.737
68213751,68310956,114.047
68213872,68213873,107.654
68213872,68269309,259.39300000000003
68213873,68213872,107.654
68213873,68338890,88.662
68213873,68213877,361.895
68213877,68213873,361.895
68213877,68188946,37.086
68213877,68179220,66.972
68214105,68214107,222.062
68214105,68245557,123.175
68214105,68294093,109.852
68214107,68214105,222.062
68214107,68310952,70.877
68214107,68310950,110.755
68214207,68212416,74.494
68214207,68325917,509.4509999999999
68214207,68212427,73.096
68214207,68280726,292.76800000000003
68214809,467852466,83.19
68214809,68294113,116.161
68214809,68233220,140.89600000000002
68214809,68294108,204.568
68214812,384327223,231.176
68214812,68224769,90.425
68214812,467852466,348.353
68214812,68164022,95.129
68215811,68215819,145.142
68215811,68249586,197.861
68215811,68194530,135.51
68215811,68196087,270.127
68215819,68215831,129.892
68215819,68215811,145.142
68215819,68196090,259.4
68215819,3075942846,175.778
68215831,68215819,129.892
68215831,68196092,248.797
68215831,68306990,113.416
68215841,68196096,249.124
68215841,68293949,107.471
68215841,495951718,42.864
68215875,68215876,165.392
68215875,68270281,230.308
68215875,68294136,176.548
68215875,68206041,118.54
68215876,68215875,165.392
68215876,68204752,197.296
68215876,68365210,140.859
68216759,384327686,72.982
68216759,68210934,149.274
68216764,384327686,33.717
68216880,68216883,100.997
68216880,498661558,78.647
68216880,68245634,123.215
68216883,68216880,100.997
68216883,68277189,57.476
68216883,68216896,158.60399999999998
68216896,68216899,27.224
68216896,68225794,182.283
68216896,68225788,100.697
68216896,68216883,158.60399999999998
68216899,68216902,26.542
68216899,68216896,27.224
68216899,68245638,101.819
68216902,68216899,26.542
68216902,68299528,158.125
68216902,68216904,120.872
68216904,498420864,189.523
68216904,68245642,146.12
68216904,68216902,120.872
68219059,384327686,208.318
68219059,68204046,119.09
68219059,68294161,32.257
68219859,68205591,36.359
68219859,68188918,136.37
68219859,68194501,101.339
68221067,68200613,104.747
68221067,68332317,122.315
68221067,6702559855,48.294
68222862,68222865,291.887
68222862,68345663,113.61099999999999
68222862,68374074,31.627
68222865,68222867,170.129
68222865,68222862,291.887
68222865,68317905,109.408
68222865,68317902,108.534
68222867,68222869,167.357
68222867,68222865,170.129
68222867,68345666,110.282
68222867,68332314,109.195
68222869,68222871,123.984
68222869,68222867,167.357
68222869,68345668,109.259
68222869,68332317,108.624
68222871,68222869,123.984
68224300,68224302,109.074
68224300,68199224,38.978
68224300,69656282,288.744
68224302,68224300,109.074
68224302,68238672,176.084
68224302,68238650,198.946
68224766,68224769,167.349
68224769,68203815,37.925
68224769,68214812,90.425
68224769,68224766,167.349
68225133,68225154,291.48
68225133,69582559,188.13299999999998
68225133,68191993,68.775
68225154,68225133,291.47999999999996
68225154,68192000,283.338
68225154,69203733,45.072
68225788,68216896,100.697
68225788,68245638,32.853
68225788,68236315,33.864
68225788,5416127169,70.038
68225794,68216896,182.283
68225794,5416127168,98.376
68225794,68277190,168.67999999999998
68228068,68228070,101.515
68228068,68213748,149.807
68228068,68390029,290.539
68228070,68228068,101.515
68228562,68228564,105.256
68228562,68363766,142.228
68228562,68180776,244.323
68228564,68228562,105.256
68228564,2507675760,137.093
68228564,68314137,85.25
68228564,68180790,279.949
68230580,68298193,16.988
68230580,68230608,422.681
68230580,68236827,306.358
68230580,68323897,244.214
68230608,68230580,422.68100000000004
68230608,68298208,206.3
68233220,68233222,92.455
68233220,68269264,97.19
68233220,68214809,140.89600000000002
68233222,68233220,92.455
68233222,68233223,137.41199999999998
68233222,68294113,185.627
68233223,68269267,100.08
68233223,68444885,130.154
68233223,68233225,132.027
68233223,68233222,137.41199999999998
68233225,68270356,113.256
68233225,68233223,132.027
68233225,68269272,97.572
68234435,68180759,194.989
68234435,68363766,137.752
68234435,68180752,279.61899999999997
68236311,68236315,194.196
68236311,68432329,109.595
68236311,5416016258,50.482
68236315,68236311,194.196
68236315,68225788,33.864
68236315,5423936117,34.366
68236827,68230580,306.358
68236827,68236871,82.95599999999999
68236827,68196643,178.562
68236827,68196645,266.582
68236871,68236827,82.95599999999999
68236871,8197464053,96.367
68236871,68360494,85.77199999999999
68237149,68310958,89.459
68237149,68166293,225.401
68237149,68245634,103.555
68237646,68237649,18.259
68237646,68178863,103.0
68237646,68306491,303.676
68237649,68237646,18.259
68237649,68237672,472.49799999999993
68237649,68237672,202.59699999999998
68237672,68237649,202.597
68237672,68237649,472.4980000000001
68237672,68373314,55.04600000000001
68237672,68313582,18.075
68238333,68282973,101.004
68238333,68238336,123.675
68238333,68211351,64.827
68238336,68238338,64.5
68238336,68307837,106.764
68238336,68238333,123.675
68238338,68238339,50.055
68238338,68238336,64.5
68238338,68211355,199.63699999999997
68238339,68238338,50.055
68238339,68307835,104.316
68238339,68238344,60.943999999999996
68238344,68210706,130.663
68238344,68238339,60.943999999999996
68238344,1594148694,123.40299999999999
68238358,68210706,125.764
68238358,68298411,107.343
68238358,68307832,102.857
68238650,68399082,98.136
68238650,68203920,36.266
68238650,68224302,198.946
68238672,68299171,105.9
68238672,68238681,175.702
68238672,68224302,176.08399999999997
68238672,68299173,123.64500000000001
68238681,68238716,319.76599999999996
68238681,68238672,175.702
68238681,68299171,259.37
68238716,68399145,141.934
68238716,68238681,319.766
68238716,68299178,257.529
68242955,68242957,120.343
68242955,68169771,140.996
68242955,68275384,591.484
68242957,68242955,120.343
68242957,68254228,122.669
68242957,68322203,405.916
68244563,68207713,131.247
68244563,68412643,98.746
68244563,68244570,59.341
68244570,68244563,59.341
68244570,68185285,142.653
68245557,68245559,106.124
68245557,68294095,119.671
68245557,68214105,123.175
68245557,68310954,221.026
68245559,68175478,105.462
68245559,68245557,106.124
68245559,68460189,103.554
68245559,68317394,121.323
68245562,68175478,107.249
68245562,68317396,123.291
68245562,68245575,183.833
68245575,68188924,47.539
68245575,68317396,88.07
68245575,68245562,183.833
68245630,68245634,224.036
68245630,68166293,93.285
68245630,68294102,99.203
68245634,68245630,224.036
68245634,5423936117,181.727
68245634,68216880,123.215
68245634,68237149,103.555
68245638,68225788,32.853
68245638,68216899,101.819
68245638,68245642,190.60999999999999
68245642,68245644,99.717
68245642,68245638,190.60999999999999
68245642,68216904,146.12
68245644,68245642,99.717
68245644,68188854,142.474
68245644,68245648,116.03399999999999
68245644,497400416,124.81500000000001
68245648,68245644,116.03399999999999
68248429,68200604,78.112
68248429,68196599,259.526
68248429,68273917,16.926000000000002
68248718,68204761,34.769
68248718,68334951,78.636
68248718,68248724,87.064
68248724,1142158909,207.90800000000002
68248724,68248718,87.064
68248749,1142158909,30.621
68248749,68248757,86.981
68248757,68248759,13.886
68248757,68248749,89.493
68248759,68248757,13.886
68248759,269928334,50.702000000000005
68248759,68299022,218.81799999999998
68248759,5604330222,379.44399999999996
68249334,68249346,238.913
68249334,68294093,203.73900000000003
68249334,69435788,108.17999999999999
68249346,68249334,238.91299999999998
68249346,68310950,224.47000000000003
68249346,69430353,84.84400000000001
68249586,68215811,197.861
68249586,68196330,85.079
68249586,68249616,31.098
68249599,68249610,191.399
68249599,68317403,86.449
68249599,68194501,106.881
68249610,68249599,191.399
68249616,68249618,78.225
68249616,68249586,31.098
68249616,68194522,103.706
68249618,68249616,78.225
68250906,68374068,75.352
68250906,68168815,223.956
68250906,68250927,20.152
68250916,68250917,122.115
68250916,68265032,192.921
68250916,68212386,77.30000000000001
68250917,68250916,122.115
68250927,68374066,101.084
68250927,68212384,348.534
68250927,68250906,20.152
68253247,68269309,89.216
68253247,68253254,88.386
68253247,68313869,67.738
68253247,68269288,174.459
68253254,68253265,198.613
68253254,68253247,88.386
68253254,68282034,206.434
68253265,68253267,385.959
68253265,68338890,92.181
68253265,68253254,198.613
68253267,68253265,385.959
68253267,68282039,138.289
68253267,3536526090,377.45899999999995
68253267,68179220,116.28099999999999
68254228,68254230,108.539
68254228,68242957,122.669
68254228,68169771,404.78000000000003
68254230,68254228,108.539
68254230,68254231,146.824
68254230,68298555,740.27
68254231,68254232,75.199
68254231,68298555,198.851
68254231,68254230,146.824
68254232,68210498,142.83
68254232,68254231,75.199
68257010,563288640,10.576
68257010,68374090,39.488
68257011,563288646,10.304
68257011,68257027,159.51
68257027,68196647,109.384
68257027,68257037,210.95100000000002
68257027,68257011,159.51
68257037,68196649,107.462
68257037,68332164,89.20899999999999
68257037,68257027,210.95100000000002
68258246,68204759,268.403
68258246,8316420994,4.47
68258246,68337609,105.93599999999999
68261077,68299196,64.223
68261077,8408792060,371.567
68261077,68169653,174.27200000000002
68261365,68188920,75.463
68261798,68281636,17.837
68261798,68320012,75.375
68262733,68368558,58.5
68262733,68368550,192.89600000000002
68262733,68281694,432.82700000000006
68265032,68250916,192.921
68265032,68198187,106.057
68265032,69616271,166.017
68269264,68294677,117.545
68269264,68233220,97.19
68269267,68352693,118.009
68269267,68233223,100.08
68269267,68269264,230.504
68269272,68314142,110.798
68269272,68269267,127.81700000000001
68269272,68233225,97.572
68269272,68269278,152.36599999999999
68269278,68428051,104.494
68269278,68269284,131.518
68269278,68270362,207.112
68269278,68269272,152.36599999999999
68269284,68269278,131.518
68269284,68277066,106.061
68269284,68206045,123.62
68269288,68206045,70.264
68269288,68296078,300.67
68269288,68270281,234.86100000000005
68269288,68253247,174.459
68269309,68253247,89.216
68269309,68338890,284.67
68269309,68213872,259.393
68270274,68270278,139.865
68270274,68270362,21.106
68270274,68444892,100.688
68270278,68270274,139.865
68270278,68277064,103.732
68270278,68206043,116.325
68270281,68215875,230.308
68270281,68206043,118.926
68270281,68269288,234.86100000000002
68270281,68270311,164.729
68270311,68313869,141.137
68270311,68270313,135.462
68270311,68270281,164.729
68270313,68385130,217.501
68270313,68294136,234.426
68270313,989551079,131.007
68270313,68270311,135.462
68270343,989551079,12.552
68270343,68407903,93.081
68270356,68270362,140.506
68270356,68233225,113.256
68270356,68314141,19.755
68270362,68270356,140.506
68270362,68270274,21.106
68270362,68269278,207.11199999999997
68271800,68271804,136.105
68271800,68176127,133.061
68271800,68210929,223.263
68271800,68294156,268.595
68271804,68271808,139.995
68271804,68271800,136.105
68271804,68334048,222.037
68271804,68334046,267.546
68271808,68271804,139.995
68271808,68358079,218.077
68271808,68271812,198.142
68271808,68355722,267.023
68271812,68271821,65.739
68271812,68271808,198.142
68271812,68443672,207.575
68271821,68271812,65.739
68271821,68410441,207.465
68271821,4270432368,235.64600000000002
68272683,68315374,127.497
68272683,68272695,203.611
68272683,69499965,118.09400000000001
68272695,68307832,127.285
68272695,68272683,203.611
68273874,68273917,349.781
68273874,68310362,38.754
68273874,68311171,78.147
68273917,68310362,57.876
68273917,68273874,349.781
68273917,68248429,16.926000000000002
68275254,4270432362,225.73
68275254,68208843,85.801
68275254,68439240,162.22199999999998
68275254,68429122,125.49300000000001
68275263,68178915,113.505
68275263,68207150,138.0
68275263,68199856,148.487
68275263,68199405,140.182
68275384,68275385,120.911
68275384,68293938,100.767
68275384,68242955,591.484
68275385,68275388,112.813
68275385,68275384,120.911
68275385,68293939,106.226
68275385,68322203,174.85500000000002
68275388,68275385,112.813
68275388,68459705,42.767
68275388,68211380,221.832
68275401,68196099,183.915
68275406,68275408,105.783
68275406,68196097,118.358
68275406,68277961,226.398
68275406,68277959,170.14
68275408,68275406,105.783
68275408,68361654,226.345
68275408,68293927,172.102
68277063,68277064,126.632
68277063,68294132,102.351
68277063,68180209,66.459
68277064,68270278,103.732
68277064,68277063,126.632
68277064,68444892,136.401
68277066,68269284,106.061
68277189,68277190,76.427
68277189,68216883,57.476
68277189,497398492,50.454
68277189,5424013812,66.04899999999999
68277190,68277189,76.427
68277190,68225794,168.68
68277190,5424013816,59.613
68277956,68277959,185.391
68277956,68373119,104.754
68277956,6305792941,171.293
68277959,68275406,170.14
68277959,68277956,185.391
68277959,68293927,104.436
68277959,68196094,118.987
68277961,68207743,269.07
68277961,68275406,226.398
68277961,68361654,105.783
68277961,68196101,118.385
68278209,68296813,124.523
68278218,68278220,91.967
68278220,68278218,91.967
68278220,68286883,99.085
68278220,3075942867,26.822
68278229,3075942867,17.416
68278229,68196330,50.568
68278229,3075942846,28.019000000000002
68278896,68352693,58.434
68278896,68278898,140.949
68278896,68314145,528.8370000000001
68278898,68314143,50.188
68278898,68314142,54.895
68278898,68278896,140.949
68278944,68339796,28.65
68278944,68363766,94.098
68278944,68278980,541.286
68278980,68368527,41.877
68278980,68339796,139.628
68278980,68278944,541.2860000000001
68279760,68164022,87.053
68279760,68279762,93.777
68279762,68188826,129.353
68279762,68279760,93.777
68279762,5850690838,224.642
68279762,68294120,239.547
68279766,68188826,56.327
68280241,68429122,223.336
68280241,4270432362,122.238
68280241,68196178,581.2249999999999
68280251,384327455,108.633
68280251,4270432368,203.638
68280251,68410441,232.962
68280261,68280263,84.647
68280261,4270432374,94.5
68280261,68446935,244.16199999999998
68280263,68280261,84.647
68280263,68211318,198.854
68280263,68280265,116.741
68280265,1280114455,92.389
68280265,68280263,116.741
68280265,68211322,160.004
68280278,1280114455,132.929
68280717,68280719,124.986
68280717,68325907,163.675
68280717,68334374,138.779
68280717,68168822,157.676
68280719,68280721,53.125
68280719,68280717,124.986
68280719,68313854,117.61099999999999
68280721,68280719,53.125
68280721,68409147,139.119
68280721,68184835,85.887
68280723,68280726,92.891
68280723,68184835,53.345
68280723,8407311648,230.233
68280726,68214207,292.76800000000003
68280726,68280723,92.891
68280726,68325917,215.779
68280726,68212391,221.29099999999997
68280751,68178830,189.574
68280751,7787778511,243.58000000000004
68280751,68280753,74.931
68280751,6715061026,113.967
68280753,68313582,304.669
68280753,68313549,328.717
68280753,68280751,74.931
68281636,68336548,144.08
68281636,68261798,17.837
68281636,68281694,393.2659999999999
68281694,68281636,393.266
68281694,68262733,432.827
68281694,68347029,278.416
68282034,68282039,465.83299999999997
68282034,68253254,206.434
68282034,471112873,169.327
68282039,68182175,125.953
68282039,68253267,138.289
68282039,6703419598,114.927
68282039,68282034,465.83299999999997
68282043,68182175,178.284
68282043,68296086,323.641
68282043,68319813,115.259
68282969,68338944,122.099
68282969,68282971,109.07300000000001
68282969,69499943,111.582
68282969,68196078,120.89299999999999
68282971,68282973,96.427
68282971,68282969,109.07300000000001
68282971,68196080,122.10399999999998
68282973,68238333,101.004
68282973,68307837,119.578
68282973,68282971,96.42699999999999
68282973,68196082,123.01
68285926,68285946,234.15900000000002
68285926,68294156,160.56900000000002
68285926,68294146,79.826
68285946,68285948,79.048
68285946,68285926,234.15900000000002
68285946,68294146,266.332
68285948,68285946,79.048
68285948,68355740,98.84899999999999
68285948,68361029,212.33800000000002
68286883,68306990,84.987
68286883,68286884,6.11
68286883,68278220,99.085
68286884,68306987,102.487
68286884,68286889,102.889
68286884,68286883,6.11
68286889,68307051,103.41
68286889,68286891,40.978
68286889,68286884,102.889
68286891,68293949,85.462
68286891,68286889,40.978
68286891,68286902,323.62600000000003
68286902,68196101,418.896
68286902,68148029,41.829
68286902,68286891,323.626
68293927,68277959,104.436
68293927,68275408,172.102
68293927,68373119,183.978
68293927,68293928,74.209
68293928,68293931,46.215
68293928,68293927,74.209
68293928,68211356,265.77
68293931,68293928,46.215
68293931,68293938,87.197
68293931,68294585,371.67499999999995
68293938,68293939,125.252
68293938,68275384,100.767
68293938,68305065,111.343
68293938,68293931,87.197
68293939,68293938,125.252
68293939,68275385,106.226
68293939,68310484,118.253
68293939,68211374,248.75600000000003
68293949,68215841,107.471
68293949,68286891,85.462
68293949,68306990,147.574
68293949,68196100,556.378
68294023,68294025,229.679
68294023,68317403,105.904
68294023,68188924,89.67
68294025,68294023,229.679
68294093,68214105,109.852
68294093,68310950,221.196
68294093,68249334,203.73899999999998
68294095,68245557,119.671
68294095,68317394,106.68100000000001
68294095,68310956,219.826
68294095,68294097,124.996
68294097,68323438,304.316
68294097,68166293,100.089
68294097,68310958,221.679
68294097,68294095,124.99600000000001
68294102,68418081,308.789
68294102,68191152,271.219
68294102,68245630,99.203
68294108,467852466,266.13
68294108,68214809,204.568
68294108,68213178,69.035
68294113,68214809,116.161
68294113,68233222,185.627
68294113,68294115,120.532
68294115,68367854,163.17299999999997
68294115,68294117,42.123999999999995
68294115,68294113,120.532
68294117,68444885,141.83
68294117,68294120,100.11399999999999
68294117,68294115,42.123999999999995
68294120,68279762,239.547
68294120,5416229337,25.323
68294120,68294117,100.114
68294128,68314140,128.664
68294128,68294130,128.97
68294128,1568252183,47.57899999999999
68294130,68444892,127.396
68294130,68180209,70.925
68294130,68294128,128.97
68294132,68365210,193.258
68294132,68206041,16.689
68294132,68277063,102.351
68294136,68204752,113.622
68294136,68270313,234.426
68294136,68294139,114.713
68294136,68215875,176.548
68294139,68294143,168.612
68294139,68294136,114.713
68294139,68270343,174.065
68294139,6958018023,123.729
68294143,68294139,168.612
68294143,68208825,249.748
68294143,68199405,140.783
68294146,68191127,115.543
68294146,68285946,266.332
68294146,68285926,79.826
68294156,68176125,143.256
68294156,68271800,268.595
68294156,68334046,124.961
